PARAMS: K=1 , metric=euclidean
MEAN_SQUARED_ERROR = -0.0406243395735 +/- 0.00878158673772
RECALL = 0.704753265602 +/- 0.0611786835071
MEAN_ABSOLUTE_ERROR = -0.0406243395735 +/- 0.00878158673772
PRECISION = 0.988939393939 +/- 0.0192346679667
F1 = 0.821629568141 +/- 0.0456128213867
PARAMS: K=5 , metric=euclidean
MEAN_SQUARED_ERROR = -0.0748113839005 +/- 0.0131093228257
RECALL = 0.444557329463 +/- 0.0949673211716
MEAN_ABSOLUTE_ERROR = -0.0748113839005 +/- 0.0131093228257
PRECISION = 0.994736842105 +/- 0.0157894736842
F1 = 0.609174884717 +/- 0.0861406604359
PARAMS: K=10 , metric=euclidean
MEAN_SQUARED_ERROR = -0.0987202183765 +/- 0.0103536453147
RECALL = 0.264368650218 +/- 0.0767308370915
MEAN_ABSOLUTE_ERROR = -0.0987202183765 +/- 0.0103536453147
PRECISION = 1.0 +/- 0.0
F1 = 0.412360980459 +/- 0.096048681251
PARAMS: K=50 , metric=euclidean
MEAN_SQUARED_ERROR = -0.130076811633 +/- 0.0038297558889
RECALL = 0.0306966618287 +/- 0.0260653855487
MEAN_ABSOLUTE_ERROR = -0.130076811633 +/- 0.0038297558889
PRECISION = 0.7 +/- 0.458257569496
F1 = 0.0583312005954 +/- 0.048794200255
