PARAMS: K=1 , metric=hamming
MEAN_SQUARED_ERROR = -0.0465329912537 +/- 0.00706396254808
RECALL = 0.660849056604 +/- 0.054786678478
MEAN_ABSOLUTE_ERROR = -0.0465329912537 +/- 0.00706396254808
PRECISION = 0.988875809334 +/- 0.0137242475499
F1 = 0.790809853324 +/- 0.0395276916835
PARAMS: K=5 , metric=hamming
MEAN_SQUARED_ERROR = -0.0820106592407 +/- 0.00884669132506
RECALL = 0.388860667634 +/- 0.0658472767453
MEAN_ABSOLUTE_ERROR = -0.0820106592407 +/- 0.00884669132506
PRECISION = 1.0 +/- 0.0
F1 = 0.556823964577 +/- 0.0665042161818
PARAMS: K=10 , metric=hamming
MEAN_SQUARED_ERROR = -0.106684755981 +/- 0.00590502700585
RECALL = 0.205007256894 +/- 0.0430670830913
MEAN_ABSOLUTE_ERROR = -0.106684755981 +/- 0.00590502700585
PRECISION = 1.0 +/- 0.0
F1 = 0.338161478923 +/- 0.0587044354555
PARAMS: K=50 , metric=hamming
MEAN_SQUARED_ERROR = -0.131362821226 +/- 0.00334819551661
RECALL = 0.0210812772134 +/- 0.0234215904121
MEAN_ABSOLUTE_ERROR = -0.131362821226 +/- 0.00334819551661
PRECISION = 0.5 +/- 0.5
F1 = 0.040271901404 +/- 0.0444787718108
