PARAMS: K=1 , metric=euclidean
MEAN_SQUARED_ERROR = -0.0493620934406 +/- 0.00907212212829
RECALL = 0.639840348331 +/- 0.0681319943276
MEAN_ABSOLUTE_ERROR = -0.0493620934406 +/- 0.00907212212829
PRECISION = 0.988304623305 +/- 0.0145325178826
F1 = 0.774579388748 +/- 0.0521241663691
PARAMS: K=5 , metric=euclidean
MEAN_SQUARED_ERROR = -0.0840652404513 +/- 0.00817474360728
RECALL = 0.375544267054 +/- 0.0568500188766
MEAN_ABSOLUTE_ERROR = -0.0840652404513 +/- 0.00817474360728
PRECISION = 0.99375 +/- 0.01875
F1 = 0.542938601409 +/- 0.0600429600169
PARAMS: K=10 , metric=euclidean
MEAN_SQUARED_ERROR = -0.110804488624 +/- 0.00803045288452
RECALL = 0.174201741655 +/- 0.0606277451138
MEAN_ABSOLUTE_ERROR = -0.110804488624 +/- 0.00803045288452
PRECISION = 1.0 +/- 0.0
F1 = 0.292128110144 +/- 0.0889273446492
