PARAMS: K=1 , metric=manhattan
MEAN_SQUARED_ERROR = -0.0514140210535 +/- 0.00736465075361
RECALL = 0.620718432511 +/- 0.0546430268108
MEAN_ABSOLUTE_ERROR = -0.0514140210535 +/- 0.00736465075361
PRECISION = 0.993996415771 +/- 0.0120488896941
F1 = 0.7627627648 +/- 0.0421341654243
PARAMS: K=5 , metric=manhattan
MEAN_SQUARED_ERROR = -0.0858667105649 +/- 0.00736064121475
RECALL = 0.360123367199 +/- 0.0546025823048
MEAN_ABSOLUTE_ERROR = -0.0858667105649 +/- 0.00736064121475
PRECISION = 1.0 +/- 0.0
F1 = 0.527140856121 +/- 0.0599819828849
PARAMS: K=10 , metric=manhattan
MEAN_SQUARED_ERROR = -0.113112174136 +/- 0.00653150677682
RECALL = 0.157148040639 +/- 0.0471093309932
MEAN_ABSOLUTE_ERROR = -0.113112174136 +/- 0.00653150677682
PRECISION = 1.0 +/- 0.0
F1 = 0.268827541579 +/- 0.0684633773068
