PARAMS: K=1 , metric=hamming
MEAN_SQUARED_ERROR = -0.0465329912537 +/- 0.00706396254808
RECALL = 0.660849056604 +/- 0.054786678478
MEAN_ABSOLUTE_ERROR = -0.0465329912537 +/- 0.00706396254808
PRECISION = 0.988875809334 +/- 0.0137242475499
F1 = 0.790809853324 +/- 0.0395276916835
PARAMS: K=5 , metric=hamming
MEAN_SQUARED_ERROR = -0.0817522647319 +/- 0.00791339650541
RECALL = 0.390783744557 +/- 0.0588663392979
MEAN_ABSOLUTE_ERROR = -0.0817522647319 +/- 0.00791339650541
PRECISION = 1.0 +/- 0.0
F1 = 0.559424159398 +/- 0.0600676825305
PARAMS: K=10 , metric=hamming
MEAN_SQUARED_ERROR = -0.10694182539 +/- 0.00555316930017
RECALL = 0.203084179971 +/- 0.0405098032663
MEAN_ABSOLUTE_ERROR = -0.10694182539 +/- 0.00555316930017
PRECISION = 1.0 +/- 0.0
F1 = 0.335737236499 +/- 0.0555134321134
