PARAMS: K=1 , metric=manhattan
MEAN_SQUARED_ERROR = -0.0437085235192 +/- 0.00703945625474
RECALL = 0.681821480406 +/- 0.0518338484746
MEAN_ABSOLUTE_ERROR = -0.0437085235192 +/- 0.00703945625474
PRECISION = 0.988879456706 +/- 0.0137167059519
F1 = 0.805994479824 +/- 0.0383146279447
PARAMS: K=5 , metric=manhattan
MEAN_SQUARED_ERROR = -0.0789231795334 +/- 0.00922880091391
RECALL = 0.411973875181 +/- 0.0677916265842
MEAN_ABSOLUTE_ERROR = -0.0789231795334 +/- 0.00922880091391
PRECISION = 1.0 +/- 0.0
F1 = 0.580432003625 +/- 0.0649136664445
PARAMS: K=10 , metric=manhattan
MEAN_SQUARED_ERROR = -0.104630184964 +/- 0.00871973822468
RECALL = 0.220355587808 +/- 0.0639795226752
MEAN_ABSOLUTE_ERROR = -0.104630184964 +/- 0.00871973822468
PRECISION = 1.0 +/- 0.0
F1 = 0.356730325819 +/- 0.0840673664894
PARAMS: K=50 , metric=manhattan
MEAN_SQUARED_ERROR = -0.131362821226 +/- 0.00334819551661
RECALL = 0.0210812772134 +/- 0.0234215904121
MEAN_ABSOLUTE_ERROR = -0.131362821226 +/- 0.00334819551661
PRECISION = 0.5 +/- 0.5
F1 = 0.040271901404 +/- 0.0444787718108
