PARAMS: alpha=1
MEAN_SQUARED_ERROR = -0.0311081437931 +/- 0.00888287833441
RECALL = 0.91175616836 +/- 0.0347713531248
MEAN_ABSOLUTE_ERROR = -0.0311081437931 +/- 0.00888287833441
PRECISION = 0.868452780478 +/- 0.0556297571959
F1 = 0.887951821058 +/- 0.0282757830014
PARAMS: alpha=10
MEAN_SQUARED_ERROR = -0.0383087442333 +/- 0.00946856003147
RECALL = 0.720283018868 +/- 0.0650616976632
MEAN_ABSOLUTE_ERROR = -0.0383087442333 +/- 0.00946856003147
PRECISION = 0.991812865497 +/- 0.0176313607388
F1 = 0.833056791454 +/- 0.0459317854762
PARAMS: alpha=100
MEAN_SQUARED_ERROR = -0.115939281877 +/- 0.00496146843189
RECALL = 0.136066763425 +/- 0.0350399788582
MEAN_ABSOLUTE_ERROR = -0.115939281877 +/- 0.00496146843189
PRECISION = 1.0 +/- 0.0
F1 = 0.237828284155 +/- 0.0555527951903
