PARAMS: alpha=1
MEAN_SQUARED_ERROR = -0.0889463008303 +/- 0.0209888628686
RECALL = 0.95595065312 +/- 0.022670797179
MEAN_ABSOLUTE_ERROR = -0.0889463008303 +/- 0.0209888628686
PRECISION = 0.612924339364 +/- 0.0622992870582
F1 = 0.74523528306 +/- 0.0473725929017
PARAMS: alpha=10
MEAN_SQUARED_ERROR = -0.0753248771564 +/- 0.0177224444073
RECALL = 0.942489114659 +/- 0.028575143388
MEAN_ABSOLUTE_ERROR = -0.0753248771564 +/- 0.0177224444073
PRECISION = 0.655805144895 +/- 0.0575044345571
F1 = 0.772344357258 +/- 0.0451137298246
PARAMS: alpha=100
MEAN_SQUARED_ERROR = -0.0398438964193 +/- 0.00737214468327
RECALL = 0.814187227866 +/- 0.0485955811726
MEAN_ABSOLUTE_ERROR = -0.0398438964193 +/- 0.00737214468327
PRECISION = 0.883487250923 +/- 0.0454392632171
F1 = 0.845626974812 +/- 0.028173633393
